6666666666666666666666666666666666666666666666666666666666666666
6666666666666666666666666666666666666666666666666666666666666666
6666666666666666666666666666666666666666666666666666666666666666
6666666556666656666666666666666666666666666666666666666666666666
6666666556666656666666666666666666666666666666666556655665566666
6666666556666656666666666666666666666666666666666556655665566666
6666666556666656666556665566656665556666555556666556655665566666
6666666556666656666656665566656556665666556655666556655665566666
6666666556666656666656665566556566665566556665666556655665566666
6666666556666656666655656566566566666566556665666556655665566666
6666666556666656666665656556566566666566556665566656665666566666
6666666556666556666665656656566566665566556665566666666666666666
6666666655666566666665656655666556665666556665566556655665566666
6666666665555666666666566655666665556666556665566556655665566666
6666666666666666666666666666666666666666666666666666666666666666
6666666666666666666666666666666666666666666666666666666666666666
6666666666666666666666666666666666666666666666666666666666666666
6666666666666666666666666666666666666666666666666666666666666666
6666666666666666666666666666666666666666666666666666666666666666
6666666666666666666666666666666666666666666666666666666666666666
6666666666666666666656666666666666666666666566666666666666666666
6666666666666666666656666666666666666666666566666666666666666666
6666666666666666666656666666666666666666666566666666666666666666
6666666666666666666656666666666666666666666566666666666666666666
6666666666666666666656666666666666666666666566666666666666666666
6666666666666666666656666666666666666666666566666666666666666666
6666666666666666666656666666666666666666666566666666666666666666
6666666666666666666656666666666666666666666566666666666666666666
6666666666666666666656666666666666666666666566666666666666666666
6666666666666666666656666666666666666666666566666666666666666666
6666666666666666666656666666666666666666666566666666666666666666
6666666666666666666666666666666666666666666666666666666666666666
6666666666666666666666666666666666666666666666666666666666666666
6666666666666666666666666666666666666666666666666666666666666666
6666666666666666666666666666666666666666666666666666666666666666
6666666666666666666666666666666666666666666666666666666666666666
6666666666666666666666666666666666666666666666666666666666666666
6666666666666666666666666666666666666666666666666666666666666666
6666666666666666666666666666666666666666666666666666666666666666
6666666666666666666666666666666666666666666666666666666666666666
6666666666666666666656666666666666666666665666666666666666666666
6666666666666666666656666666666666666666656666666666666666666666
6666666666666666666656666666666666666666656666666666666666666666
6666666666666666666656666666666666666666656666666666666666666666
6666666666666666666656666666666666666666566666666666666666666666
6666666666666666666665666666666666666666566666666666666666666666
6666666666666666666666566666666666666665666666666666666666666666
6666666666666666666666655666666666666556666666666666666666666666
6666666666666666666666666556666666665666666666666666666666666666
6666666666666666666666666665555555556666666666666666666666666666
6666666666666666666666666666666666666666666666666666666666666666
6666666666666666666666666666666666666666666666666666666666666666
6666666666666666666666666666666666666666666666666666666666666666
6666666666666666666666666666666666666666666666666666666666666666
5555556566666666666666566666666656666666666656666666666666666656
5665666566666666666665566666666656666666666666666666666666666665
6665666555655656666656566666565656655655655666656666656666665665
6665666565665566666566566666556556566565656656655565565666666666
6665666565666566666566566666566556655565656656656566565666666666
6665666565665566666655566666566556566566566656656566556666666666
6655666565666656666666566666565656555566566656656566555666665665
6666666666666666666666666666556666666666566666666665665666666665
6666666666666666666666666666566666666655666666666665555666666656
6666666666666666666666666666666666666666666666666666666666666666