7777777777777777777777777777777777777777777777777777777777777777
7777777777777777777777777777777777777777777777777777777777777777
7777777777777777777777777777777777775577777777777777777777777777
7777777777777777755555557777777755775577777777777777777777777777
7777777777777777755777777777777755775577777777777777777777777777
7777777777777777755777777777777777775577777777777777777777777777
7777777777777777755777775555577755775577777777777777777777777777
7777777777777777755777777777577755775577777777777777777777777777
7777777777777777755555577777557755775577777777777777777777777777
7777777777777777755777777555557755775577777777777777777777777777
7777777777777777755777775777557755775577777777777777777777777777
7777777777777777755777775777557755775577777777777777777777777777
7777777777777777755777775777557755775577557755775577777777777777
7777777777777777755777777555557755777557557755775577777777777777
7777777777777777777777777777777777777777777777777777777777777777
7777777777777777777777777777777777777777777777777777777777777777
7777777777777777777777777777777777777777777777777777777777777777
7777777777777777777777777777777777777777777777777777777777777777
7777777777777777777777777777777777777777777777777777777777777777
7777777777777777777777777777777777777777777777777777777777777777
7777777777777777777757777777777777777777777577777777777777777777
7777777777777777777757777777777777777777777577777777777777777777
7777777777777777777757777777777777777777777577777777777777777777
7777777777777777777757777777777777777777777577777777777777777777
7777777777777777777757777777777777777777777577777777777777777777
7777777777777777777757777777777777777777777577777777777777777777
7777777777777777777757777777777777777777777577777777777777777777
7777777777777777777757777777777777777777777577777777777777777777
7777777777777777777757777777777777777777777577777777777777777777
7777777777777777777757777777777777777777777577777777777777777777
7777777777777777777757777777777777777777777577777777777777777777
7777777777777777777777777777777777777777777777777777777777777777
7777777777777777777777777777777777777777777777777777777777777777
7777777777777777777777777755555555577777777777777777777777777777
7777777777777777777777777577777777755777777777777777777777777777
7777777777777777777777755777777777777557777777777777777777777777
7777777777777777777777577777777777777775777777777777777777777777
7777777777777777777775777777777777777777577777777777777777777777
7777777777777777777775777777777777777777757777777777777777777777
7777777777777777777757777777777777777777757777777777777777777777
7777777777777777777757777777777777777777757777777777777777777777
7777777777777777777757777777777777777777757777777777777777777777
7777777777777777777757777777777777777777775777777777777777777777
7777777777777777777757777777777777777777775777777777777777777777
7777777777777777777777777777777777777777777777777777777777777777
7777777777777777777777777777777777777777777777777777777777777777
7777777777777777777777777777777777777777777777777777777777777777
7777777777777777777777777777777777777777777777777777777777777777
7777777777777777777777777777777777777777777777777777777777777777
7777777777777777777777777777777777777777777777777777777777777777
7777777777777777777777777777777777777777777777777777777777777777
7777777777777777777777777777777777777777777777777777777777777777
7777777777777777777777777777777777777777777777777777777777777777
7777777777777777777777777777777777777777777777777777777777777777
7777777777777777777777777777777777777777777777777777777777777777
7777777777777777777777777777777777777777777777777777777777777777
7777777777777777777777777777777777777777777777777777777777777777
7777777777777777777777777777777777777777777777777777777777777777
7777777777777777777777777777777777777777777777777777777777777777
7777777777777777777777777777777777777777777777777777777777777777
7777777777777777777777777777777777777777777777777777777777777777
7777777777777777777777777777777777777777777777777777777777777777
7777777777777777777777777777777777777777777777777777777777777777
7777777777777777777777777777777777777777777777777777777777777777