0000000000000000000000000000000000000000000000000000000000000000
0000000000000000000000000000000000000000000000000000000000000000
0000000000000000000000000000000000000000000000000000000000000000
0000000000000000000000000000000000000000000000000000000000000000
0000000000000000000000000000000000000000000000000000000000000000
0011111100000001111110000001111110001111111111000110000000100000
0010000110000011000011000001000011100000110000001111000000100000
0010000011000110000001100001000001100000110000001111000000100000
0010000011001100000000110001000001100000110000011001000000100000
0010000011001100000000110001000001100000110000011001100000100000
0010000011001100000000110001000011100000110000010001100000100000
0010000110001100000000110001111110000000110000110000110000100000
0011111100001100000000110001000110000000110000110000110000100000
0010000000001100000000110001000011000000110001111111110000100000
0010000000000110000001100001000001100000110001100000011000100000
0010000000000011000011000001000001100000110001100000011000100000
0010000000000001111110000001000000110000110011000000001100111111
0000000000000000000000000000000000000000000000000000000000000000
0000000000000000000000000000000000000000000000000000000000000000
0000000000000000000000000000000000000000000000000000000000000000
0000000000000000000000000000000000000000000000000000000000000000
0000000000000000000022200000000000000002000000200000000000000000
0000000000000000000002000000000000000002000000200000000000000000
0000000000000000000002000000222022002002000000200000000000000000
0000000000000000000002000022022020220202000000200000000000000000
0000000000000000000002000022202020222002000000200000000000000000
0000000000000000000002000020000200200002000000200000000000000000
0000000000000000000002222202220200022202000000200000000000000000
0000000000000000000000000000000000000000000000000000000000000000
0000000000000000000000000000000000000000000000000000000000000000
0000000000000000000000000000000000000000000000000000000000000000
0000000000000000000000000000000000000000000000000000000000000000
0000000000000000000022200000000000000002000002200000000000000000
0000000000000000000002000000000000000002000020020000000000000000
0000000000000000000002000000222022002002000000020000000000000000
0000000000000000000002000022022020220202000000020000000000000000
0000000000000000000002000022202020222002000000200000000000000000
0000000000000000000002000020000200200002000002000000000000000000
0000000000000000000002222202220200022202000002220000000000000000
0000000000000000000000000000000000000000000000000000000000000000
0000000000000000000000000000000000000000000000000000000000000000
0000000000000000000000000000000000000000000000000000000000000000
0000000000000000000000000000000000000000000000000000000000000000
0000000000000000000022200000000000000002000002200000000000000000
0000000000000000000002000000000000000002000000020000000000000000
0000000000000000000002000000222022002002000000020000000000000000
0000000000000000000002000022022020220202000000220000000000000000
0000000000000000000002000022202020222002000000020000000000000000
0000000000000000000002000020000200200002000000020000000000000000
0000000000000000000002222202220200022202000022220000000000000000
0000000000000000000000000000000000000000000000000000000000000000
0000000000000000000000000000000000000000000000000000000000000000
0000000000000000000000000000000000000000000000000000000000000000
0000000000000000000000000000000000000000000000000000000000000000
0000000000000000000000333000000030000000000000000000000000000000
0000000000000000000003000300000000030000000000000000000000000000
0000000000000000000003000033303000333000000000000000000000000000
0000000000000000000030000030303030030000000000000000000000000000
0000000000000000000033000030303030030000000000000000000000000000
0000000000000000000003000300303030030000000000000000000000000000
0000000000000000000000300300333330033000000000000000000000000000
0000000000000000000000033000000000000000000000000000000000000000
0000000000000000000000000300000000000000000000000000000000000000
0000000000000000000000000000000000000000000000000000000000000000