4444444444444444444444444444444444444444444444444444444444444444
4444444444444444444444444444444444444444444444444444444444444444
4444444444444444444444444444444444444444444444444444444444444444
4444444444444455444445544554444444444444444444444444444444444444
4444444444444455444445544554444444444444444455445544444444444444
4444444444444455544445544444444444444444444455445544444444444444
4444444444444455454445544554444555544555544455445544444444444444
4444444444444455445445544554455444445544454455445544444444444444
4444444444444455445445544554454444445444454455445544444444444444
4444444444444455444545544554454444445555555455445544444444444444
4444444444444455444545544554454444445444444445444544444444444444
4444444444444455444455544554454444445544444444444444444444444444
4444444444444455444445544554455444445544444455445544444444444444
4444444444444455444445544554444555544455554455445544444444444444
4444444444444444444444444444444444444444444444444444444444444444
4444444444444444444444444444444444444444444444444444444444444444
4444444444444444444444444444444444444444444444444444444444444444
4444444444444444444444444444444444444444444444444444444444444444
4444444444444444444444444444444444444444444444444444444444444444
4444444444444444444444444444444444444444444444444444444444444444
4444444444444444444454444444444444444444444544444444444444444444
4444444444444444444454444444444444444444444544444444444444444444
4444444444444444444454444444444444444444444544444444444444444444
4444444444444444444454444444444444444444444544444444444444444444
4444444444444444444454444444444444444444444544444444444444444444
4444444444444444444454444444444444444444444544444444444444444444
4444444444444444444454444444444444444444444544444444444444444444
4444444444444444444454444444444444444444444544444444444444444444
4444444444444444444454444444444444444444444544444444444444444444
4444444444444444444454444444444444444444444544444444444444444444
4444444444444444444454444444444444444444444544444444444444444444
4444444444444444444444444444444444444444444444444444444444444444
4444444444444444444444444444444444444444444444444444444444444444
4444444444444444444444444444444444444444444444444444444444444444
4444444444444444444444444444444444444444444444444444444444444444
4444444444444444444444444444444444444444444444444444444444444444
4444444444444444444444444444444444444444444444444444444444444444
4444444444444444444444444444444444444444444444444444444444444444
4444444444444444444444444444444444444444444444444444444444444444
4444444444444444444444444444444444444444444444444444444444444444
4444444444444444444454444444444444444444445444444444444444444444
4444444444444444444454444444444444444444454444444444444444444444
4444444444444444444454444444444444444444454444444444444444444444
4444444444444444444454444444444444444444454444444444444444444444
4444444444444444444454444444444444444444544444444444444444444444
4444444444444444444445444444444444444444544444444444444444444444
4444444444444444444444544444444444444445444444444444444444444444
4444444444444444444444455444444444444554444444444444444444444444
4444444444444444444444444554444444445444444444444444444444444444
4444444444444444444444444445555555554444444444444444444444444444
4444444444444444444444444444444444444444444444444444444444444444
4444444444444444444444444444444444444444444444444444444444444444
4444444444444444444444444444444444444444444444444444444444444444
4444444444444444444444444444444444444444444444444444444444444444
4444444444444444444444444444444444444444444444444444444444444444
4444444444444444444444444444444444444444444444444444444444444444
4444444444444444444444444444444444444444444444444444444444444444
4444444444444444444444444444444444444444444444444444444444444444
4444444444444444444444444444444444444444444444444444444444444444
4444444444444444444444444444444444444444444444444444444444444444
4444444444444444444444444444444444444444444444444444444444444444
4444444444444444444444444444444444444444444444444444444444444444
4444444444444444444444444444444444444444444444444444444444444444
4444444444444444444444444444444444444444444444444444444444444444